date,oppo每日新增评论,vivo每日新增评论,华为每日新增评论,小米每日新增评论,苹果每日新增评论,Add comment
2020/1/1,465,223,1,100,101,890
2020/1/2,262,142,6,68,74,552
2020/1/3,242,140,13,74,87,556
2020/1/4,465,203,0,99,99,866
2020/1/5,384,210,0,100,100,794
2020/1/6,269,173,7,78,85,612
2020/1/7,265,215,13,61,74,628
2020/1/8,411,204,52,76,128,871
2020/1/9,4007,559,119,1123,1242,7050
2020/1/10,1598,263,15,459,474,2809
2020/1/11,877,231,52,304,356,1820
2020/1/12,664,164,21,194,215,1258
2020/1/13,603,114,8,154,162,1041
2020/1/14,581,109,7,185,192,1074
2020/1/15,607,86,5,181,186,1065
2020/1/16,958,111,4,310,314,1697
2020/1/17,397,89,5,249,254,994
2020/1/18,942,58,0,248,248,1496
2020/1/19,562,88,5,191,196,1042
2020/1/20,542,109,5,153,158,967
2020/1/21,780,138,6,211,217,1352
2020/1/22,670,122,7,155,162,1116
2020/1/23,714,134,2,194,196,1240
2020/1/24,4380,254,24,1751,1775,8184
2020/1/25,663,124,4,150,154,1095
2020/1/26,694,135,1,174,175,1179
2020/1/27,677,141,5,167,172,1162
2020/1/28,719,109,7,148,155,1138
2020/1/29,556,98,3,185,188,1030
2020/1/30,534,113,6,182,188,1023
2020/1/31,569,113,11,172,183,1048
2020/2/1,557,61,15,174,189,996
2020/2/2,716,116,10,177,187,1206
2020/2/3,521,92,6,186,192,997
2020/2/4,718,109,10,180,190,1207
2020/2/5,742,113,4,203,207,1269
2020/2/6,683,144,5,183,188,1203
2020/2/7,756,99,9,142,151,1157
2020/2/8,659,114,3,0,3,779
2020/2/9,800,112,6,0,6,924
2020/2/10,669,96,14,0,14,793
2020/2/11,772,141,13,0,13,939
2020/2/12,941,125,12,0,12,1090
2020/2/13,1153,141,11,0,11,1316
2020/2/14,944,152,8,0,8,1112
2020/2/15,1036,136,4,0,4,1180
2020/2/16,959,141,3,0,3,1106
2020/2/17,463,148,8,0,8,627
2020/2/18,1043,143,3,0,3,1192
2020/2/19,1530,140,5,0,5,1680
2020/2/20,1986,163,12,0,12,2173
2020/2/21,816,185,7,0,7,1015
2020/2/22,1375,179,2,0,2,1558
2020/2/23,761,201,6,0,6,974
2020/2/24,1384,176,14,0,14,1588
2020/2/25,1070,161,16,0,16,1263
2020/2/26,1313,173,27,0,27,1540
2020/2/27,983,190,16,0,16,1205
2020/2/28,1298,167,7,0,7,1479
2020/2/29,763,162,7,0,7,939
2020/3/1,1079,179,8,0,8,1274
2020/3/2,1088,174,3,170,173,1608
2020/3/3,1190,171,8,55,63,1487
2020/3/4,1253,175,5,317,322,2072
2020/3/5,543,179,4,299,303,1328
2020/3/6,964,207,9,246,255,1681
2020/3/7,388,124,2,317,319,1150
2020/3/8,1193,183,6,310,316,2008
2020/3/9,1267,198,12,358,370,2205
2020/3/10,916,139,6,371,377,1809
2020/3/11,728,175,35,302,337,1577
2020/3/12,1087,191,39,308,347,1972
2020/3/13,838,211,38,303,341,1731
2020/3/14,939,184,89,292,381,1885
2020/3/15,691,199,3,293,296,1482
2020/3/16,757,203,28,493,521,2002
2020/3/17,1228,202,16,469,485,2400
2020/3/18,785,184,9,430,439,1847
2020/3/19,1082,171,12,354,366,1985
2020/3/20,1230,156,8,349,357,2100
2020/3/21,1048,183,4,283,287,1805
2020/3/22,914,157,7,352,359,1789
2020/3/23,844,186,11,363,374,1778
2020/3/24,916,175,5,357,362,1815
2020/3/25,970,219,3,316,319,1827
2020/3/26,741,173,234,308,542,1998
2020/3/27,836,166,685,279,964,2930
2020/3/28,1034,178,8,232,240,1692
2020/3/29,1065,167,8,263,271,1774
2020/3/30,1013,174,160,361,521,2229
2020/3/31,14738,4801,291,8882,9173,37885
2020/4/1,3906,639,22,1221,1243,7031
2020/4/2,1412,307,925,474,1399,4517
2020/4/3,1499,235,342,467,809,3352
2020/4/4,0,0,0,0,0,0
2020/4/5,0,187,7,0,7,201
2020/4/6,0,192,161,5,166,524
2020/4/7,865,186,18,4,22,1095
2020/4/8,1025,184,31,0,31,1271
2020/4/9,1046,164,31,0,31,1272
2020/4/10,607,216,34,0,34,891
2020/4/11,814,168,33,0,33,1048
2020/4/12,683,136,24,0,24,867
2020/4/13,692,187,95,93,188,1255
2020/4/14,908,156,79,228,307,1678
2020/4/15,823,153,48,207,255,1486
2020/4/16,808,178,44,213,257,1500
2020/4/17,1838,158,57,345,402,2800
2020/4/18,1383,201,62,358,420,2424
2020/4/19,1042,148,52,287,339,1868
2020/4/20,911,151,54,249,303,1668
2020/4/21,1012,136,50,251,301,1750
2020/4/22,914,129,115,241,356,1755
2020/4/23,833,141,77,229,306,1586
2020/4/24,810,117,104,227,331,1589
2020/4/25,764,98,81,202,283,1428
2020/4/26,750,96,176,181,357,1560
2020/4/27,728,113,509,222,731,2303
2020/4/28,668,95,556,195,751,2265
2020/4/29,828,113,240,249,489,1919
2020/4/30,1322,550,394,482,876,3624
2020/5/1,1411,431,448,542,990,3822
2020/5/2,1055,233,172,242,414,2116
2020/5/3,962,170,208,211,419,1970
2020/5/4,964,151,323,199,522,2159
2020/5/5,825,142,419,202,621,2209
2020/5/6,738,82,206,189,395,1610
2020/5/7,424,107,273,158,431,1393
2020/5/8,811,471,522,222,744,2770
2020/5/9,759,502,439,168,607,2475
2020/5/10,788,484,264,155,419,2110
2020/5/11,437,428,367,152,519,1903
2020/5/12,588,425,307,204,511,2035
2020/5/13,666,462,251,163,414,1956
2020/5/14,652,567,245,163,408,2035
2020/5/15,755,533,703,157,860,3008
2020/5/16,1095,580,237,183,420,2515
2020/5/17,982,547,249,177,426,2381
2020/5/18,756,468,287,129,416,2056
2020/5/19,688,475,263,122,385,1933
2020/5/20,173,120,262,95,357,1007
2020/5/21,0,0,304,0,304,608
2020/5/22,0,0,289,0,289,578
2020/5/23,0,0,223,0,223,446
2020/5/24,0,0,267,0,267,534
2020/5/25,0,439,254,0,254,947
2020/5/26,466,502,256,0,256,1480
2020/5/27,307,448,246,0,246,1247
2020/5/28,0,468,210,0,210,888
2020/5/29,0,530,271,0,271,1072
2020/5/30,0,683,268,0,268,1219
2020/5/31,0,637,315,0,315,1267
2020/6/1,0,378,228,0,228,834
2020/6/2,0,65,228,0,228,521
2020/6/3,0,0,200,0,200,400
2020/6/4,0,0,186,0,186,372
2020/6/5,0,302,246,0,246,794
2020/6/6,0,626,201,0,201,1028
2020/6/7,0,562,286,0,286,1134
2020/6/8,304,347,203,29,232,1115
2020/6/9,465,308,178,70,248,1269
2020/6/10,434,320,196,77,273,1300
2020/6/11,468,262,185,64,249,1228
2020/6/12,503,344,226,80,306,1459
2020/6/13,887,583,299,93,392,2254
2020/6/14,894,552,256,132,388,2222
2020/6/15,458,303,198,64,262,1285
2020/6/16,442,295,169,68,237,1211
2020/6/17,1141,369,275,393,668,2846
2020/6/18,1217,668,133,476,609,3103
2020/6/19,1003,527,13,240,253,2036
2020/6/20,1530,763,657,187,844,3981
2020/6/21,1211,671,809,160,969,3820
2020/6/22,656,452,525,142,667,2442
2020/6/23,1039,485,722,174,896,3316
2020/6/24,921,527,734,148,882,3212
2020/6/25,1256,793,1022,189,1211,4471
2020/6/26,1087,683,364,163,527,2824
2020/6/27,932,555,847,153,1000,3487
2020/6/28,648,383,475,95,570,2171
2020/6/29,644,395,544,95,639,2317
2020/6/30,840,566,566,133,699,2804
2020/7/1,704,406,516,101,617,2344
2020/7/2,756,457,557,81,638,2489
2020/7/3,777,461,242,112,354,1946
2020/7/4,1028,615,0,127,127,1897
2020/7/5,1077,620,15,140,155,2007
2020/7/6,801,494,299,102,401,2097
2020/7/7,965,617,322,141,463,2508
2020/7/8,1063,658,302,138,440,2601
2020/7/9,2857,4611,2755,1267,4022,15512
2020/7/10,1360,1279,652,347,999,4637
2020/7/11,746,1095,1062,286,1348,4537
2020/7/12,1002,970,514,218,732,3436
2020/7/13,852,724,772,171,943,3462
2020/7/14,839,2064,1564,443,2007,6917
2020/7/15,966,904,430,296,726,3322
2020/7/16,467,802,883,192,1075,3419
2020/7/17,518,811,524,181,705,2739
2020/7/18,955,849,91,198,289,2382
2020/7/19,483,827,0,170,170,1650
2020/7/20,595,730,515,172,687,2699
2020/7/21,341,854,778,172,950,3095
2020/7/22,643,839,552,168,720,2922
2020/7/23,818,720,423,165,588,2714
2020/7/24,426,772,2381,142,2523,6244
2020/7/25,761,842,830,165,995,3593
2020/7/26,471,822,529,159,688,2669
2020/7/27,521,730,848,139,987,3225
2020/7/28,714,836,639,180,819,3188
2020/7/29,471,797,410,133,543,2354
2020/7/30,339,856,515,189,704,2603
2020/7/31,246,767,52,178,230,1473
2020/8/1,322,782,0,181,181,1466
2020/8/2,653,793,0,134,134,1714
2020/8/3,711,775,129,175,304,2094
2020/8/4,788,992,732,212,944,3668
2020/8/5,473,849,427,185,612,2546
2020/8/6,465,786,733,170,903,3057
2020/8/7,412,826,595,144,739,2716
2020/8/8,636,683,839,135,974,3267
2020/8/9,364,728,523,146,669,2430
2020/8/10,278,672,563,161,724,2398
2020/8/11,485,858,69,174,243,1829
2020/8/12,494,801,11,171,182,1659
2020/8/13,475,833,128,160,288,1884
2020/8/14,483,754,300,165,465,2167
2020/8/15,737,747,0,152,152,1788
2020/8/16,574,867,453,169,622,2685
2020/8/17,441,919,558,176,734,2828
2020/8/18,223,1016,0,235,235,1709
2020/8/19,498,834,37,188,225,1782
2020/8/20,714,738,32,401,433,2318
2020/8/21,394,682,383,319,702,2480
2020/8/22,764,631,0,229,229,1853
2020/8/23,521,588,0,260,260,1629
2020/8/24,617,602,26,179,205,1629
2020/8/25,410,766,418,236,654,2484
2020/8/26,823,651,667,216,883,3240
2020/8/27,433,614,672,179,851,2749
2020/8/28,399,612,288,184,472,1955
2020/8/29,332,613,186,170,356,1657
2020/8/30,363,497,280,186,466,1792
2020/8/31,584,403,201,96,297,1581
2020/9/1,365,249,317,96,413,1440
2020/9/2,306,213,225,79,304,1127
2020/9/3,311,214,287,82,369,1263
2020/9/4,128,258,89,90,179,744
2020/9/5,778,517,0,131,131,1557
2020/9/6,476,419,0,105,105,1105
2020/9/7,81,168,23,70,93,435
2020/9/8,266,185,70,92,162,775
2020/9/9,223,170,191,89,280,953
2020/9/10,211,180,227,81,308,1007
2020/9/11,338,244,80,85,165,912
2020/9/12,495,531,175,135,310,1646
2020/9/13,584,390,159,109,268,1510
2020/9/14,207,171,142,47,189,756
2020/9/15,203,191,79,82,161,716
2020/9/16,251,186,112,61,173,783
2020/9/17,132,176,15,49,64,436
2020/9/18,154,230,31,17,48,480
2020/9/19,198,470,35,22,57,782
2020/9/20,179,421,71,96,167,934
2020/9/21,128,171,80,44,124,547
2020/9/22,152,174,72,65,137,600
2020/9/23,126,229,0,88,88,531
2020/9/24,96,697,36,897,933,2659
2020/9/25,111,769,74,362,436,1752
2020/9/26,290,919,0,299,299,1807
2020/9/27,271,328,83,111,194,987
2020/9/28,277,229,11,79,90,686
2020/9/29,276,260,15,76,91,718
2020/9/30,579,423,103,153,256,1514
2020/10/1,0,716,167,170,337,1390
2020/10/2,0,623,157,152,309,1241
2020/10/3,0,593,198,148,346,1285
2020/10/4,0,593,208,146,354,1301
2020/10/5,0,552,78,141,219,990
2020/10/6,0,606,79,123,202,1010
2020/10/7,0,499,179,123,302,1103
2020/10/8,0,382,230,94,324,1030
2020/10/9,73,212,72,58,130,545
2020/10/10,248,223,0,57,57,585
2020/10/11,403,359,0,86,86,934
2020/10/12,159,173,0,58,58,448
2020/10/13,160,157,0,45,45,407
2020/10/14,188,172,0,53,53,466
2020/10/15,234,193,0,87,87,601
2020/10/16,90,266,109,85,194,744
2020/10/17,336,522,447,128,575,2008
2020/10/18,78,413,345,107,452,1395
2020/10/19,145,173,143,49,192,702
2020/10/20,159,163,173,51,224,770
2020/10/21,59,198,148,42,190,637
2020/10/22,173,180,14,56,70,493
2020/10/23,148,278,102,61,163,752
2020/10/24,61,524,373,100,473,1531
2020/10/25,37,460,405,115,520,1537
2020/10/26,144,158,52,49,101,504
2020/10/27,239,237,42,68,110,696
2020/10/28,87,252,0,66,66,471
2020/10/29,103,199,0,57,57,416
2020/10/30,248,293,0,78,78,697
2020/10/31,157,481,0,90,90,818
2020/11/1,183,606,0,145,145,1079
2020/11/2,256,177,27,37,64,561
2020/11/3,167,225,88,49,137,666
2020/11/4,96,195,0,42,42,375
2020/11/5,179,240,25,44,69,557
2020/11/6,31,247,23,67,90,458
2020/11/7,4,510,0,96,96,706
2020/11/8,316,422,61,80,141,1020
2020/11/9,13,188,185,42,227,655
2020/11/10,0,174,129,44,173,520
2020/11/11,203,175,110,25,135,648
2020/11/12,175,204,191,39,230,839
2020/11/13,358,243,65,57,122,845
2020/11/14,321,514,0,84,84,1003
2020/11/15,341,384,35,98,133,991
2020/11/16,237,190,137,42,179,785
2020/11/17,191,175,63,46,109,584
2020/11/18,171,200,14,34,48,467
2020/11/19,229,190,51,43,94,607
2020/11/20,42,281,52,56,108,539
2020/11/21,133,464,120,112,232,1061
2020/11/22,230,219,157,80,237,923
2020/11/23,105,134,69,50,119,477
2020/11/24,58,160,1,44,45,308
2020/11/25,86,176,157,43,200,662
2020/11/26,117,180,46,44,90,477
2020/11/27,29,270,0,73,73,445
2020/11/28,114,475,0,88,88,765
2020/11/29,50,362,56,111,167,746
2020/11/30,82,192,59,52,111,496
2020/12/1,169,198,23,66,89,545
2020/12/2,96,182,21,55,76,430
2020/12/3,44,153,109,49,158,513
2020/12/4,10,230,49,42,91,422
2020/12/5,110,65,0,79,79,333
2020/12/6,368,371,0,89,89,917
2020/12/7,36,131,12,37,49,265
2020/12/8,40,131,24,55,79,329
2020/12/9,79,163,11,38,49,340
2020/12/10,56,115,0,53,53,277
2020/12/11,37,48,0,72,72,229
2020/12/12,0,34,212,111,323,680
2020/12/13,70,455,0,101,101,727
2020/12/14,86,187,23,44,67,407
2020/12/15,60,201,27,52,79,419
2020/12/16,61,172,33,55,88,409
2020/12/17,21,159,21,30,51,282
2020/12/18,77,233,12,46,58,426
2020/12/19,176,436,0,77,77,766
2020/12/20,352,355,0,78,78,863
2020/12/21,77,164,12,33,45,331
2020/12/22,50,183,24,56,80,393
2020/12/23,211,185,172,38,210,816
2020/12/24,227,157,53,39,92,568
2020/12/25,52,265,206,61,267,851
2020/12/26,134,474,165,82,247,1102
2020/12/27,81,382,0,53,53,569
2020/12/28,111,178,12,50,62,413
2020/12/29,214,192,0,51,51,508
2020/12/30,103,213,0,56,56,428
2020/12/31,51,252,1,42,43,389
2021/1/1,315,402,11,130,141,999
2021/1/2,76,415,0,108,108,707
2021/1/3,38,392,0,96,96,622
2021/1/4,95,203,0,48,48,394
2021/1/5,162,204,0,50,50,466
2021/1/6,65,253,0,57,57,432
2021/1/7,169,260,0,40,40,509
2021/1/8,4,384,75,62,137,662
2021/1/9,232,536,0,85,85,938
2021/1/10,15,404,82,88,170,759
2021/1/11,179,252,108,71,179,789
2021/1/12,115,226,89,59,148,637
2021/1/13,47,53,72,87,159,418
2021/1/14,110,0,2,240,242,594
2021/1/15,40,1740,735,1258,1993,5766
2021/1/16,222,4757,0,1246,1246,7471
2021/1/17,188,2518,0,603,603,3912
2021/1/18,275,1047,286,260,546,2414
2021/1/19,396,891,305,233,538,2363
2021/1/20,332,952,359,279,638,2560
2021/1/21,171,710,36,224,260,1401
2021/1/22,256,844,969,244,1213,3526
2021/1/23,575,921,3,221,224,1944
2021/1/24,207,784,14,193,207,1405
2021/1/25,227,687,227,169,396,1706
2021/1/26,145,888,318,282,600,2233
2021/1/27,270,797,0,225,225,1517
2021/1/28,511,762,285,192,477,2227
2021/1/29,87,749,487,167,654,2144
2021/1/30,318,858,51,165,216,1608
2021/1/31,245,720,0,170,170,1305
2021/2/1,235,710,36,170,206,1357
2021/2/2,410,917,213,274,487,2301
2021/2/3,432,832,224,203,427,2118
2021/2/4,251,942,273,286,559,2311
2021/2/5,184,911,213,261,474,2043
2021/2/6,167,1004,0,329,329,1829
2021/2/7,78,857,282,247,529,1993
2021/2/8,404,1017,414,257,671,2763
2021/2/9,553,994,248,1,249,2045
2021/2/10,145,1030,131,17,148,1471
2021/2/11,882,1416,161,0,161,2620
2021/2/12,203,638,324,0,324,1489
2021/2/13,281,707,60,0,60,1108
2021/2/14,172,772,12,0,12,968
2021/2/15,270,774,263,0,263,1570
2021/2/16,188,758,76,0,76,1098
2021/2/17,238,681,42,0,42,1003
2021/2/18,148,740,0,0,0,888
2021/2/19,8,717,578,87,665,2055
2021/2/20,113,606,284,140,424,1567
2021/2/21,51,591,0,149,149,940
2021/2/22,65,587,57,107,164,980
2021/2/23,35,623,24,141,165,988
2021/2/24,35,588,169,103,272,1167
2021/2/25,294,630,178,155,333,1590
2021/2/26,393,595,192,137,329,1646
2021/2/27,382,504,203,107,310,1506
2021/2/28,419,325,167,79,246,1236
2021/3/1,219,232,83,52,135,721
2021/3/2,223,228,58,62,120,691
2021/3/3,225,183,171,27,198,804
2021/3/4,0,70,260,22,282,634
2021/3/5,0,0,258,17,275,550
2021/3/6,0,0,40,0,40,80
2021/3/7,0,0,178,0,178,356
2021/3/8,0,161,145,37,182,525
2021/3/9,0,217,142,58,200,617
2021/3/10,0,199,70,63,133,465
2021/3/11,0,197,184,54,238,673
2021/3/12,0,243,55,33,88,419
2021/3/13,0,511,169,0,169,849
2021/3/14,0,394,201,37,238,870
2021/3/15,229,181,152,38,190,790
2021/3/16,273,175,70,64,134,716
2021/3/17,185,171,69,31,100,556
2021/3/18,263,194,189,63,252,961
2021/3/19,389,273,196,76,272,1206
2021/3/20,403,474,0,78,78,1033
2021/3/21,443,403,0,85,85,1016
2021/3/22,267,176,165,54,219,881
2021/3/23,201,165,56,61,117,600
2021/3/24,265,176,178,54,232,905
2021/3/25,253,195,59,45,104,656
2021/3/26,256,265,70,35,105,731
2021/3/27,495,473,185,0,185,1338
2021/3/28,454,406,141,0,141,1142
2021/3/29,229,154,115,0,115,613
2021/3/30,181,211,143,0,143,678
2021/3/31,263,191,132,0,132,718
2021/4/1,292,186,115,0,115,708
2021/4/2,407,268,17,0,17,709
2021/4/3,602,531,0,0,0,1133
2021/4/4,707,526,228,0,228,1689
2021/4/5,638,385,121,0,121,1265
2021/4/6,283,185,101,0,101,670
2021/4/7,298,201,95,0,95,689
2021/4/8,733,1470,36,0,36,2275
2021/4/9,596,643,74,0,74,1387
2021/4/10,916,973,242,0,242,2373
2021/4/11,859,632,24,0,24,1539
2021/4/12,259,244,47,0,47,597
2021/4/13,345,246,26,49,75,741
2021/4/14,275,352,35,49,84,795
2021/4/15,357,266,25,64,89,801
2021/4/16,481,373,20,63,83,1020
2021/4/17,597,581,29,88,117,1412
2021/4/18,689,443,28,63,91,1314
2021/4/19,260,181,34,39,73,587
2021/4/20,210,249,17,46,63,585
2021/4/21,202,208,11,27,38,486
2021/4/22,263,184,12,41,53,553
2021/4/23,299,268,5,44,49,665
2021/4/24,463,448,17,68,85,1081
2021/4/25,226,192,13,34,47,512
2021/4/26,253,181,10,36,46,526
2021/4/27,222,208,9,56,65,560
2021/4/28,273,284,3,38,41,639
2021/4/29,310,224,5,41,46,626
2021/4/30,245,381,9,66,75,776
2021/5/1,499,625,9,116,125,1374
2021/5/2,717,558,10,78,88,1451
2021/5/3,591,604,12,78,90,1375
2021/5/4,538,564,10,86,96,1294
2021/5/5,484,386,16,66,82,1034
2021/5/6,256,205,18,45,63,587
2021/5/7,237,180,14,38,52,521
2021/5/8,248,264,5,43,48,608
2021/5/9,336,411,25,71,96,939
2021/5/10,184,194,18,33,51,480
2021/5/11,305,244,16,36,52,653
2021/5/12,252,217,12,33,45,559
2021/5/13,194,241,13,30,43,521
2021/5/14,199,278,16,37,53,583
2021/5/15,304,528,3,86,89,1010
2021/5/16,425,470,21,67,88,1071
2021/5/17,175,188,40,42,82,527
2021/5/18,262,253,32,47,79,673
2021/5/19,237,257,43,59,102,698
2021/5/20,304,197,32,39,71,643
2021/5/21,216,308,20,50,70,664
2021/5/22,586,497,6,88,94,1271
2021/5/23,481,417,20,52,72,1042
2021/5/24,221,178,12,37,49,497
2021/5/25,308,221,24,50,74,677
2021/5/26,292,223,27,42,69,653
2021/5/27,283,214,29,36,65,627
2021/5/28,341,279,26,53,79,778
2021/5/29,490,462,6,60,66,1084
2021/5/30,416,456,22,64,86,1044
2021/5/31,332,182,10,42,52,618
2021/6/1,473,253,22,52,74,874
2021/6/2,331,236,38,54,92,751
2021/6/3,223,116,14,51,65,469
2021/6/4,385,0,33,23,56,497
2021/6/5,532,389,84,0,84,1089
2021/6/6,506,482,36,43,79,1146
2021/6/7,307,260,45,40,85,737
2021/6/8,325,266,142,40,182,955
2021/6/9,396,223,148,40,188,995
2021/6/10,216,298,138,47,185,884
2021/6/11,403,495,265,52,317,1532
2021/6/12,532,728,133,0,133,1526
2021/6/13,465,538,132,0,132,1267
2021/6/14,450,630,267,62,329,1738
2021/6/15,285,369,129,40,169,992
2021/6/16,345,266,87,38,125,861
2021/6/17,359,284,180,56,236,1115
2021/6/18,362,319,190,20,210,1101
2021/6/19,427,472,209,0,209,1317
2021/6/20,474,561,222,69,291,1617
2021/6/21,300,247,184,46,230,1007
2021/6/22,263,354,160,37,197,1011
2021/6/23,1504,2460,1229,784,2013,7990
2021/6/24,569,785,1015,332,1347,4048
2021/6/25,700,670,663,129,792,2954
2021/6/26,873,766,1070,0,1070,3779
2021/6/27,703,619,415,26,441,2204
2021/6/28,403,390,344,99,443,1679
2021/6/29,449,460,146,82,228,1365
2021/6/30,382,1,0,68,68,519
2021/7/1,737,0,263,31,294,1325
2021/7/2,543,599,0,47,47,1236
2021/7/3,469,683,266,0,266,1684
2021/7/4,673,614,303,0,303,1893
2021/7/5,595,582,295,82,377,1931
2021/7/6,735,683,408,103,511,2440
2021/7/7,491,636,350,107,457,2041
2021/7/8,878,674,377,66,443,2438
2021/7/9,574,639,25,100,125,1463
2021/7/10,379,680,129,105,234,1527
2021/7/11,397,648,300,119,419,1883
2021/7/12,489,624,314,104,418,1949
2021/7/13,329,757,293,139,432,1950
2021/7/14,304,692,33,99,132,1260
2021/7/15,543,666,452,122,574,2357
2021/7/16,752,708,390,123,513,2486
2021/7/17,654,676,369,108,477,2284
2021/7/18,819,659,329,116,445,2368
2021/7/19,426,640,174,99,273,1612
2021/7/20,847,710,0,105,105,1767
2021/7/21,731,695,12,87,99,1624
2021/7/22,718,772,318,122,440,2370
2021/7/23,607,716,228,127,355,2033
2021/7/24,691,696,250,102,352,2091
2021/7/25,371,627,319,95,414,1826
2021/7/26,423,609,239,87,326,1684
2021/7/27,675,754,391,131,522,2473
2021/7/28,675,811,596,136,732,2950
2021/7/29,759,739,596,124,720,2938
2021/7/30,633,746,610,175,785,2949
2021/7/31,665,767,254,143,397,2226
2021/8/1,679,770,294,124,418,2285
2021/8/2,639,843,138,134,272,2026
2021/8/3,1146,1099,283,191,474,3193
2021/8/4,928,1265,574,182,756,3705
2021/8/5,855,959,446,171,617,3048
2021/8/6,872,1061,611,157,768,3469
2021/8/7,904,1187,352,177,529,3149
2021/8/8,787,1116,428,195,623,3149
2021/8/9,498,966,401,166,567,2598
2021/8/10,929,1112,412,201,613,3267
2021/8/11,573,1051,482,175,657,2938
2021/8/12,679,996,583,144,727,3129
2021/8/13,581,965,257,144,401,2348
2021/8/14,581,919,426,129,555,2610
2021/8/15,727,791,241,124,365,2248
2021/8/16,546,797,254,130,384,2111
2021/8/17,495,943,226,219,445,2328
2021/8/18,651,859,250,156,406,2322
2021/8/19,757,865,257,140,397,2416
2021/8/20,851,845,403,135,538,2772
2021/8/21,760,760,471,118,589,2698
2021/8/22,508,756,403,123,526,2316
2021/8/23,624,790,169,133,302,2018
2021/8/24,702,819,145,539,684,2889
2021/8/25,916,650,440,449,889,3344
2021/8/26,503,757,416,329,745,2750
2021/8/27,587,701,503,228,731,2750
2021/8/28,796,635,218,215,433,2297
2021/8/29,417,597,377,193,570,2154
2021/8/30,709,605,190,173,363,2040
2021/8/31,438,2985,389,1488,1877,7177
2021/9/1,801,7564,1247,14570,15817,39999
2021/9/2,2004,9410,1616,32870,34486,80386
2021/9/3,251,9677,1204,26369,27573,65074
2021/9/4,488,8493,580,29779,30359,69699
2021/9/5,141,8635,128,19276,19404,47584
2021/9/6,1159,8215,756,11001,11757,32888
2021/9/7,1323,6812,298,5636,5934,20003
2021/9/8,583,5852,2,3609,3611,13657
2021/9/9,855,6240,165,2630,2795,12685
2021/9/10,510,6521,331,3593,3924,14879
2021/9/11,707,7215,484,5203,5687,19296
2021/9/12,312,7827,246,3404,3650,15439
2021/9/13,1264,2768,0,521,521,5074
2021/9/14,688,2186,0,0,0,2874
2021/9/15,837,2089,0,0,0,2926
2021/9/16,921,1892,145,150,295,3403
2021/9/17,1038,1961,456,289,745,4489
2021/9/18,1010,4168,270,465,735,6648
2021/9/19,290,7225,353,0,353,8221
2021/9/20,470,7656,365,0,365,8856
2021/9/21,396,5680,276,0,276,6628
2021/9/22,597,1679,171,346,517,3310
2021/9/23,843,2211,595,1101,1696,6446
2021/9/24,1001,2763,143,526,669,5102
2021/9/25,220,4150,298,0,298,4966
2021/9/26,796,2144,247,388,635,4210
2021/9/27,604,1220,228,251,479,2782
2021/9/28,627,1146,310,252,562,2897
2021/9/29,940,1378,208,258,466,3250
2021/9/30,1321,3078,607,370,977,6353
2021/10/1,1204,0,1256,0,1256,3716
2021/10/2,1861,0,1413,0,1413,4687
2021/10/3,1535,0,718,0,718,2971
2021/10/4,1434,0,961,0,961,3356
2021/10/5,1513,0,407,0,407,2327
2021/10/6,1456,0,426,0,426,2308
2021/10/7,1207,0,636,0,636,2479
2021/10/8,1094,2927,667,735,1402,6825
2021/10/9,1164,3302,596,167,763,5992
2021/10/10,782,2976,946,137,1083,5924
2021/10/11,800,1445,162,297,459,3163
2021/10/12,920,1545,271,329,600,3665
2021/10/13,760,1250,365,164,529,3068
2021/10/14,782,1209,371,179,550,3091
2021/10/15,708,1580,414,145,559,3406
2021/10/16,1697,3335,525,0,525,6082
2021/10/17,1504,1959,660,78,738,4939
2021/10/18,567,762,188,143,331,1991
2021/10/19,598,842,248,121,369,2178
2021/10/20,481,747,260,72,332,1892
2021/10/21,534,690,165,78,243,1710
2021/10/22,738,1030,366,82,448,2664
2021/10/23,1298,2038,549,138,687,4710
2021/10/24,894,1483,466,120,586,3549
2021/10/25,440,626,203,69,272,1610
2021/10/26,459,626,194,64,258,1601
2021/10/27,437,565,206,71,277,1556
2021/10/28,462,594,154,61,215,1486
2021/10/29,533,964,419,82,501,2499
2021/10/30,1354,2057,549,165,714,4839
2021/10/31,1006,1403,494,120,614,3637
2021/11/1,496,576,191,75,266,1604
2021/11/2,436,592,167,66,233,1494
2021/11/3,473,584,220,58,278,1613
2021/11/4,452,546,201,65,266,1530
2021/11/5,604,782,277,84,361,2108
2021/11/6,1281,1486,442,136,578,3923
2021/11/7,949,1146,361,106,467,3029
2021/11/8,413,473,180,66,246,1378
2021/11/9,462,622,187,58,245,1574
2021/11/10,476,517,149,53,202,1397
2021/11/11,432,485,190,46,236,1389
2021/11/12,602,687,283,59,342,1973
2021/11/13,1058,1206,443,107,550,3364
2021/11/14,880,958,377,91,468,2774
2021/11/15,369,425,168,57,225,1244
2021/11/16,428,471,161,56,217,1333
2021/11/17,341,463,178,54,232,1268
2021/11/18,322,441,198,57,255,1273
2021/11/19,440,575,224,62,286,1587
2021/11/20,795,1157,472,100,572,3096
2021/11/21,736,946,473,76,549,2780
2021/11/22,308,341,225,56,281,1211
2021/11/23,290,417,182,43,225,1157
2021/11/24,586,415,170,36,206,1413
2021/11/25,681,390,184,52,236,1543
2021/11/26,688,763,356,92,448,2347
2021/11/27,824,1062,466,106,572,3030
2021/11/28,791,839,396,91,487,2604
2021/11/29,303,372,163,55,218,1111
2021/11/30,355,372,164,46,210,1147
2021/12/1,351,371,212,51,263,1248
2021/12/2,266,353,152,38,190,999
2021/12/3,463,482,206,60,266,1477
2021/12/4,843,1013,454,85,539,2934
2021/12/5,618,742,363,75,438,2236
2021/12/6,358,344,135,37,172,1046
2021/12/7,370,345,169,37,206,1127
2021/12/8,344,331,162,35,197,1069
2021/12/9,328,318,174,59,233,1112
2021/12/10,299,533,230,68,298,1428
2021/12/11,578,897,404,91,495,2465
2021/12/12,629,729,328,66,394,2146
2021/12/13,318,321,156,30,186,1011
2021/12/14,357,349,167,43,210,1126
2021/12/15,334,311,148,31,179,1003
2021/12/16,250,326,123,45,168,912
2021/12/17,333,461,188,42,230,1254
2021/12/18,666,799,315,65,380,2225
2021/12/19,547,625,270,67,337,1846
2021/12/20,234,320,199,40,239,1032
2021/12/21,344,341,152,52,204,1093
2021/12/22,304,314,125,37,162,942
2021/12/23,305,358,121,33,154,971
2021/12/24,395,427,154,42,196,1214
2021/12/25,710,759,317,67,384,2237
2021/12/26,613,573,211,61,272,1730
2021/12/27,281,305,139,37,176,938
2021/12/28,360,318,122,44,166,1010
2021/12/29,339,306,129,22,151,947
2021/12/30,308,328,114,32,146,928
2021/12/31,504,442,219,48,267,1480
2022/1/1,1405,1807,1525,367,1892,6996
2022/1/2,910,1034,385,84,469,2882
2022/1/3,522,626,268,55,323,1794
2022/1/4,364,383,119,31,150,1047
2022/1/5,359,424,164,25,189,1161
2022/1/6,1708,4065,2665,717,3382,12537
2022/1/7,807,2558,1966,319,2285,7935
2022/1/8,882,2323,1613,301,1914,7033
2022/1/9,1141,1390,888,170,1058,4647
2022/1/10,685,921,576,121,697,3000
2022/1/11,753,944,561,126,687,3071
2022/1/12,632,1077,557,114,671,3051
2022/1/13,911,1200,608,159,767,3645
2022/1/14,810,1096,719,149,868,3642
2022/1/15,1245,1327,751,111,862,4296
2022/1/16,699,1200,712,135,847,3593
2022/1/17,940,1699,889,206,1095,4829
2022/1/18,767,2637,6551,1221,7772,18948
2022/1/19,726,1405,1107,177,1284,4699
2022/1/20,544,1166,706,157,863,3436
2022/1/21,885,1264,760,122,882,3913
2022/1/22,739,1291,625,148,773,3576
2022/1/23,438,1189,583,119,702,3031
2022/1/24,400,1302,634,142,776,3254
2022/1/25,642,1355,656,114,770,3537
2022/1/26,589,1272,698,124,822,3505
2022/1/27,583,1395,725,117,842,3662
2022/1/28,824,1444,749,130,879,4026
2022/1/29,702,2112,752,294,1046,4906
2022/1/30,679,1914,756,160,916,4425
2022/1/31,1081,1094,566,97,663,3501
2022/2/1,842,1247,604,121,725,3539
2022/2/2,479,1079,517,92,609,2776
2022/2/3,723,1076,549,102,651,3101
2022/2/4,695,1033,606,95,701,3130
2022/2/5,534,1005,567,101,668,2875
2022/2/6,568,1064,606,92,698,3028
2022/2/7,527,1070,579,109,688,2973
2022/2/8,789,1083,555,89,644,3160
2022/2/9,564,1036,526,96,622,2844
2022/2/10,791,1098,575,97,672,3233
2022/2/11,592,970,646,106,752,3066
2022/2/12,508,1215,682,105,787,3297
2022/2/13,700,1034,549,114,663,3060
2022/2/14,586,934,515,64,579,2678
2022/2/15,480,1066,569,74,643,2832
2022/2/16,574,802,431,67,498,2372
2022/2/17,175,663,370,50,420,1678
2022/2/18,608,777,377,70,447,2279
2022/2/19,679,1064,600,102,702,3147
2022/2/20,528,835,457,70,527,2417
2022/2/21,251,535,289,46,335,1456
2022/2/22,508,541,413,168,581,2211
2022/2/23,676,399,340,96,436,1947
2022/2/24,393,424,314,79,393,1603
2022/2/25,227,526,365,89,454,1661
2022/2/26,278,684,501,107,608,2178
2022/2/27,515,513,407,85,492,2012
2022/2/28,48,314,209,48,257,876
2022/3/1,403,337,207,50,257,1254
2022/3/2,245,311,182,43,225,1006
2022/3/3,346,0,199,50,249,844
2022/3/4,44,0,251,43,294,632
2022/3/5,137,0,434,98,532,1201
2022/3/6,255,0,331,87,418,1091
2022/3/7,120,255,168,45,213,801
2022/3/8,297,304,174,47,221,1043
2022/3/9,155,286,184,48,232,905
2022/3/10,265,318,184,41,225,1033
2022/3/11,197,515,259,68,327,1366
2022/3/12,165,749,430,91,521,1956
2022/3/13,256,610,328,85,413,1692
2022/3/14,291,364,203,62,265,1185
2022/3/15,53,438,211,67,278,1047
2022/3/16,249,391,206,34,240,1120
2022/3/17,564,421,241,54,295,1575
2022/3/18,171,499,276,68,344,1358
2022/3/19,254,737,405,87,492,1975
2022/3/20,144,577,384,86,470,1661
2022/3/21,102,436,169,64,233,1004
2022/3/22,228,414,217,60,277,1196
2022/3/23,201,429,254,54,308,1246
2022/3/24,58,480,265,55,320,1178
2022/3/25,101,584,349,81,430,1545
2022/3/26,471,728,428,81,509,2217
2022/3/27,452,610,374,88,462,1986
2022/3/28,179,414,237,49,286,1165
2022/3/29,87,458,279,47,326,1197
2022/3/30,130,442,291,47,338,1248
2022/3/31,349,533,266,55,321,1524
2022/4/1,225,483,329,55,384,1476
2022/4/2,688,1289,410,93,503,2983
2022/4/3,600,763,448,66,514,2391
2022/4/4,473,853,457,80,537,2400
2022/4/5,605,720,383,73,456,2237
2022/4/6,311,572,275,61,336,1555
2022/4/7,378,620,297,66,363,1724
2022/4/8,246,689,416,65,481,1897
2022/4/9,71,815,428,95,523,1932
2022/4/10,194,752,405,80,485,1916
2022/4/11,397,542,318,44,362,1663
2022/4/12,167,521,258,57,315,1318
2022/4/13,329,554,320,65,385,1653
2022/4/14,370,1912,2384,533,2917,8116
2022/4/15,687,1211,1499,322,1821,5540
2022/4/16,130,1214,893,259,1152,3648
2022/4/17,429,890,652,152,804,2927
2022/4/18,344,571,322,66,388,1691
2022/4/19,385,518,309,69,378,1659
2022/4/20,304,502,329,60,389,1584
2022/4/21,410,575,306,73,379,1743
2022/4/22,229,688,369,86,455,1827
2022/4/23,338,801,431,92,523,2185
2022/4/24,199,750,370,66,436,1821
2022/4/25,377,474,247,58,305,1461
2022/4/26,203,490,275,63,338,1369
2022/4/27,292,520,290,66,356,1524
2022/4/28,285,615,286,73,359,1618
2022/4/29,292,690,429,76,505,1992
2022/4/30,209,991,566,110,676,2552
2022/5/1,291,1081,521,124,645,2662
2022/5/2,367,1054,525,87,612,2645
2022/5/3,325,1063,506,115,621,2630
2022/5/4,604,903,538,105,643,2793
2022/5/5,211,653,327,70,397,1658
2022/5/6,283,632,356,73,429,1773
2022/5/7,888,896,380,103,483,2750
2022/5/8,208,738,409,118,527,2000
2022/5/9,183,631,325,71,396,1606
2022/5/10,319,579,354,77,431,1760
2022/5/11,336,568,303,101,404,1712
2022/5/12,506,632,322,87,409,1956
2022/5/13,465,649,455,101,556,2226
2022/5/14,385,951,589,120,709,2754
2022/5/15,402,795,498,122,620,2437
2022/5/16,104,551,377,99,476,1607
2022/5/17,50,537,311,83,394,1375
2022/5/18,248,526,311,79,390,1554
2022/5/19,36,624,422,118,540,1740
2022/5/20,65,630,456,103,559,1813
2022/5/21,36,903,536,139,675,2289
2022/5/22,20,761,467,122,589,1959
2022/5/23,141,471,310,67,377,1366
2022/5/24,37,472,312,75,387,1283
2022/5/25,57,499,300,93,393,1342
2022/5/26,57,521,292,92,384,1346
2022/5/27,8,549,340,94,434,1425
2022/5/28,71,813,500,113,613,2110
2022/5/29,194,732,457,110,567,2060
2022/5/30,19,511,247,78,325,1180
2022/5/31,29,496,262,82,344,1213
2022/6/1,20,522,271,88,359,1260
2022/6/2,10,1086,534,154,688,2472
2022/6/3,110,893,376,127,503,2009
2022/6/4,45,675,380,133,513,1746
2022/6/5,0,784,349,110,459,1702
2022/6/6,0,619,313,94,407,1433
2022/6/7,116,668,311,76,387,1558
2022/6/8,19,670,314,73,387,1463
2022/6/9,0,551,272,72,344,1239
2022/6/10,28,626,334,98,432,1518
2022/6/11,20,885,437,100,537,1979
2022/6/12,322,941,397,114,511,2285
2022/6/13,384,603,234,73,307,1601
2022/6/14,294,513,237,73,310,1427
2022/6/15,76,506,270,69,339,1260
2022/6/16,28,571,287,70,357,1313
2022/6/17,0,708,352,94,446,1600
2022/6/18,133,882,469,108,577,2169
2022/6/19,162,757,474,128,602,2123
2022/6/20,81,617,327,98,425,1548
2022/6/21,109,589,304,92,396,1490
2022/6/22,20,627,411,111,522,1691
2022/6/23,59,1459,3723,814,4537,10592
2022/6/24,19,1137,1566,446,2012,5180
2022/6/25,0,1113,1162,271,1433,3979
2022/6/26,29,1117,690,166,856,2858
2022/6/27,50,917,566,137,703,2373
2022/6/28,205,817,520,117,637,2296
2022/6/29,59,909,549,115,664,2296
2022/6/30,532,905,499,128,627,2691
2022/7/1,240,992,448,123,571,2374
2022/7/2,363,1019,710,132,842,3066
2022/7/3,70,942,645,132,777,2566
2022/7/4,58,881,547,124,671,2281
2022/7/5,0,884,588,132,720,2324
2022/7/6,370,943,566,109,675,2663
2022/7/7,710,973,596,129,725,3133
2022/7/8,35,993,603,114,717,2462
2022/7/9,343,980,674,130,804,2931
2022/7/10,9,977,650,117,767,2520
2022/7/11,136,961,588,134,722,2541
2022/7/12,49,1001,691,140,831,2712
2022/7/13,413,1089,649,160,809,3120
2022/7/14,330,1082,710,133,843,3098
2022/7/15,240,1059,747,119,866,3031
2022/7/16,275,1217,777,130,907,3306
2022/7/17,336,1042,641,151,792,2962
2022/7/18,332,1064,606,134,740,2876
2022/7/19,466,1101,677,166,843,3253
2022/7/20,519,1235,694,177,871,3496
2022/7/21,445,1092,687,123,810,3157
2022/7/22,126,1191,773,147,920,3157
2022/7/23,323,1105,679,134,813,3054
2022/7/24,211,1024,727,119,846,2927
2022/7/25,334,1087,650,122,772,2965
2022/7/26,358,1087,615,122,737,2919
2022/7/27,320,1101,664,123,787,2995
2022/7/28,570,1139,671,120,791,3291
2022/7/29,351,1170,781,164,945,3411
2022/7/30,432,1127,706,156,862,3283
2022/7/31,40,1153,699,126,825,2843
2022/8/1,172,1136,643,131,774,2856
2022/8/2,598,1134,657,126,783,3298
2022/8/3,425,1105,624,113,737,3004
2022/8/4,667,1020,615,130,745,3177
2022/8/5,67,1114,659,126,785,2751
2022/8/6,426,1073,689,126,815,3129
2022/8/7,502,1036,695,137,832,3202
2022/8/8,169,1016,693,134,827,2839
2022/8/9,171,1309,786,173,959,3398
2022/8/10,362,1232,795,164,959,3512
2022/8/11,400,1378,812,157,969,3716
2022/8/12,159,1245,698,159,857,3118
2022/8/13,254,1082,687,128,815,2966
2022/8/14,418,1130,708,142,850,3248
2022/8/15,356,1138,702,141,843,3180
2022/8/16,68,1023,662,140,802,2695
2022/8/17,301,1095,663,120,783,2962
2022/8/18,159,1142,664,131,795,2891
2022/8/19,183,1102,616,144,760,2805
2022/8/20,77,1090,597,119,716,2599
2022/8/21,94,2172,1830,655,2485,7236
2022/8/22,34,2786,5011,1619,6630,16080
2022/8/23,35,3989,5759,1462,7221,18466
2022/8/24,46,4885,6919,2434,9353,23637
2022/8/25,308,3855,2758,780,3538,11239
2022/8/26,934,3051,2414,642,3056,10097
2022/8/27,633,2002,1289,266,1555,5745
2022/8/28,415,1536,1046,183,1229,4409
2022/8/29,606,1264,923,186,1109,4088
2022/8/30,775,1162,731,167,898,3733
2022/8/31,414,1061,581,148,729,2933
2022/9/1,154,1044,563,148,711,2620
2022/9/2,476,1221,697,194,891,3479
2022/9/3,528,1387,737,226,963,3841
2022/9/4,525,1052,682,153,835,3247
2022/9/5,450,693,425,100,525,2193
2022/9/6,534,676,358,99,457,2124
2022/9/7,308,686,430,83,513,2020
2022/9/8,496,628,357,95,452,2028
2022/9/9,665,731,482,90,572,2540
2022/9/10,168,1114,628,140,768,2818
2022/9/11,179,1068,591,112,703,2653
2022/9/12,873,836,512,124,636,2981
2022/9/13,301,563,290,69,359,1582
2022/9/14,94,491,246,60,306,1197
2022/9/15,657,530,296,64,360,1907
2022/9/16,298,536,240,75,315,1464
2022/9/17,675,701,431,103,534,2444
2022/9/18,423,658,405,72,477,2035
2022/9/19,211,353,219,61,280,1124
2022/9/20,114,375,200,59,259,1007
2022/9/21,165,534,341,110,451,1601
2022/9/22,203,1469,2444,548,2992,7656
2022/9/23,539,1043,1371,326,1697,4976
2022/9/24,309,1184,1107,290,1397,4287
2022/9/25,302,1027,613,195,808,2945
2022/9/26,484,677,370,95,465,2091
2022/9/27,373,702,338,92,430,1935
2022/9/28,259,727,320,84,404,1794
2022/9/29,42,716,323,81,404,1566
2022/9/30,44,836,233,91,324,1528
2022/10/1,581,230,457,147,604,2019
2022/10/2,177,0,368,134,502,1181
2022/10/3,180,0,338,129,467,1114
2022/10/4,277,0,365,107,472,1221
2022/10/5,132,0,290,124,414,960
2022/10/6,216,0,327,96,423,1062
2022/10/7,426,671,253,87,340,1777
2022/10/8,278,698,116,68,184,1344
2022/10/9,306,664,94,66,160,1290
2022/10/10,199,561,61,55,116,992
2022/10/11,246,596,135,43,178,1198
2022/10/12,377,553,135,50,185,1300
2022/10/13,220,576,88,50,138,1072
2022/10/14,274,662,106,59,165,1266
2022/10/15,0,878,24,68,92,1062
2022/10/16,0,860,122,82,204,1268
2022/10/17,0,601,93,34,127,855
2022/10/18,0,572,82,51,133,838
2022/10/19,0,545,102,46,148,841
2022/10/20,0,556,84,59,143,842
2022/10/21,0,599,110,58,168,935
2022/10/22,0,788,84,89,173,1134
2022/10/23,0,698,145,71,216,1130
2022/10/24,155,573,105,52,157,1042
2022/10/25,223,572,106,59,165,1125
2022/10/26,146,530,84,48,132,940
2022/10/27,224,588,118,59,177,1166
2022/10/28,345,818,151,82,233,1629
2022/10/29,295,1005,170,97,267,1834
2022/10/30,531,740,200,69,269,1809
2022/10/31,143,640,143,73,216,1215
2022/11/1,175,557,147,76,223,1178
2022/11/2,286,631,122,57,179,1275
2022/11/3,315,628,135,51,186,1315
2022/11/4,321,672,144,68,212,1417
2022/11/5,395,822,201,78,279,1775
2022/11/6,88,772,185,85,270,1400
2022/11/7,386,553,141,60,201,1341
2022/11/8,69,609,134,57,191,1060
2022/11/9,163,599,124,54,178,1118
2022/11/10,391,695,163,60,223,1532
2022/11/11,0,687,180,70,250,1187
2022/11/12,155,798,196,71,267,1487
2022/11/13,353,677,210,72,282,1594
2022/11/14,165,570,128,55,183,1101
2022/11/15,175,472,140,66,206,1059
2022/11/16,229,492,136,56,192,1105
2022/11/17,249,498,164,59,223,1193
2022/11/18,272,522,148,64,212,1218
2022/11/19,339,688,199,79,278,1583
2022/11/20,198,631,190,75,265,1359
2022/11/21,124,506,131,53,184,998
2022/11/22,172,577,183,73,256,1261
2022/11/23,170,605,163,81,244,1263
2022/11/24,171,599,160,60,220,1210
2022/11/25,435,650,170,65,235,1555
2022/11/26,335,751,205,73,278,1642
2022/11/27,146,660,201,95,296,1398
2022/11/28,136,559,166,68,234,1163
2022/11/29,287,565,181,52,233,1318
2022/11/30,182,550,123,52,175,1082
2022/12/1,204,553,97,63,160,1077
2022/12/2,262,562,104,58,162,1148
2022/12/3,160,614,123,64,187,1148
2022/12/4,260,611,132,72,204,1279
2022/12/5,433,582,106,62,168,1351
2022/12/6,22,688,110,0,110,930
2022/12/7,463,486,92,56,148,1245
2022/12/8,182,483,91,76,167,999
2022/12/9,200,527,51,63,114,955
2022/12/10,299,518,128,74,202,1221
2022/12/11,200,469,147,47,194,1057
2022/12/12,157,425,82,54,136,854
2022/12/13,420,441,97,53,150,1161
2022/12/14,156,462,151,84,235,1088
2022/12/15,86,433,26,71,97,713
2022/12/16,517,465,27,58,85,1152
2022/12/17,491,510,30,80,110,1221
2022/12/18,313,471,26,63,89,962
2022/12/19,251,214,120,89,209,883
2022/12/20,170,582,0,82,82,916
2022/12/21,125,608,226,93,319,1371
2022/12/22,106,631,52,85,137,1011
2022/12/23,272,671,116,110,226,1395
2022/12/24,238,656,186,103,289,1472
2022/12/25,83,601,127,73,200,1084
2022/12/26,185,614,133,84,217,1233
2022/12/27,251,612,220,83,303,1469
2022/12/28,235,548,204,63,267,1317
2022/12/29,167,526,0,76,76,845
2022/12/30,178,564,226,81,307,1356
2022/12/31,809,539,186,86,272,1892
2023/1/1,98,526,133,71,204,1032
2023/1/2,377,471,209,100,309,1466
2023/1/3,316,1074,933,664,1597,4584
2023/1/4,163,1160,351,219,570,2463
2023/1/5,578,1095,205,181,386,2445
2023/1/6,161,862,67,143,210,1443
2023/1/7,94,798,168,130,298,1488
2023/1/8,444,712,233,122,355,1866
2023/1/9,251,775,250,118,368,1762
2023/1/10,953,793,234,121,355,2456
2023/1/11,352,851,261,163,424,2051
2023/1/12,208,765,251,102,353,1679
2023/1/13,489,863,258,142,400,2152
2023/1/14,156,897,362,140,502,2057
2023/1/15,382,807,261,130,391,1971
2023/1/16,208,858,227,131,358,1782
2023/1/17,452,739,348,84,432,2055
2023/1/18,506,929,437,135,572,2579
2023/1/19,48,1205,507,184,691,2635
2023/1/20,61,1416,321,184,505,2487
2023/1/21,226,1481,319,266,585,2877
2023/1/22,263,854,270,117,387,1891
2023/1/23,189,816,237,112,349,1703
2023/1/24,387,740,262,104,366,1859
2023/1/25,306,857,258,123,381,1925
2023/1/26,334,759,282,94,376,1845
2023/1/27,0,726,229,99,328,1382
2023/1/28,114,740,192,103,295,1444
2023/1/29,91,634,203,85,288,1301
2023/1/30,469,582,438,78,516,2083
2023/1/31,382,582,433,89,522,2008
2023/2/1,106,637,443,87,530,1803
2023/2/2,162,616,530,76,606,1990
2023/2/3,170,578,487,63,550,1848
2023/2/4,246,589,451,61,512,1859
2023/2/5,380,526,414,64,478,1862
2023/2/6,217,336,266,54,320,1193
2023/2/7,49,307,223,49,272,900
2023/2/8,255,302,228,52,280,1117
2023/2/9,126,338,219,53,272,1008
2023/2/10,140,294,193,45,238,910
2023/2/11,270,450,328,64,392,1504
2023/2/12,104,590,417,81,498,1690
2023/2/13,120,309,214,53,267,963
2023/2/14,122,333,198,46,244,943
2023/2/15,260,303,171,36,207,977
2023/2/16,199,237,171,34,205,846
2023/2/17,148,260,193,47,240,888
2023/2/18,305,495,351,71,422,1644
2023/2/19,128,383,308,48,356,1223
2023/2/20,191,227,185,19,204,826
2023/2/21,119,209,139,34,173,674
2023/2/22,144,291,140,22,162,759
2023/2/23,261,352,192,50,242,1097
2023/2/24,379,311,229,47,276,1242
2023/2/25,405,469,383,59,442,1758
2023/2/26,327,384,274,50,324,1359
2023/2/27,311,225,176,33,209,954
2023/2/28,217,241,137,36,173,804
2023/3/1,251,222,108,32,140,753
2023/3/2,265,222,131,37,168,823
2023/3/3,358,259,194,37,231,1079
2023/3/4,317,441,281,64,345,1448
2023/3/5,521,356,182,50,232,1341
2023/3/6,246,189,76,27,103,641
2023/3/7,262,197,111,42,153,765
2023/3/8,252,223,118,42,160,795
2023/3/9,156,208,92,38,130,624
2023/3/10,312,248,167,35,202,964
2023/3/11,568,385,256,74,330,1613
2023/3/12,565,344,239,49,288,1485
2023/3/13,220,236,112,28,140,736
2023/3/14,262,184,154,24,178,802
2023/3/15,254,225,144,31,175,829
2023/3/16,286,208,129,24,153,800
2023/3/17,321,240,153,29,182,925
2023/3/18,478,373,279,54,333,1517
2023/3/19,499,324,272,39,311,1445
2023/3/20,233,176,106,25,131,671
2023/3/21,229,176,119,27,146,697
2023/3/22,246,229,120,33,153,781
2023/3/23,241,211,124,27,151,754
2023/3/24,343,227,168,37,205,980
2023/3/25,595,328,287,46,333,1589
2023/3/26,539,286,238,34,272,1369
2023/3/27,326,410,211,52,263,1262
2023/3/28,217,161,99,31,130,638
2023/3/29,241,162,107,13,120,643
2023/3/30,247,182,125,37,162,753
2023/3/31,285,193,127,24,151,780
2023/4/1,500,337,283,36,319,1475
2023/4/2,333,350,313,62,375,1433
2023/4/3,151,208,196,25,221,801
2023/4/4,340,236,196,28,224,1024
2023/4/5,560,361,355,51,406,1733
2023/4/6,292,218,172,19,191,892
2023/4/7,298,261,148,38,186,931
2023/4/8,434,366,366,53,419,1638
2023/4/9,496,330,333,52,385,1596
2023/4/10,209,172,136,24,160,701
2023/4/11,228,178,113,28,141,688
2023/4/12,247,176,144,41,185,793
2023/4/13,323,240,156,41,197,957
2023/4/14,209,214,190,44,234,891
2023/4/15,157,1468,2407,493,2900,7425
2023/4/16,872,736,719,146,865,3338
2023/4/17,262,249,228,48,276,1063
2023/4/18,279,260,192,50,242,1023
2023/4/19,292,260,190,48,238,1028
2023/4/20,263,245,199,53,252,1012
2023/4/21,363,325,302,63,365,1418
2023/4/22,602,417,427,87,514,2047
2023/4/23,277,267,213,39,252,1048
2023/4/24,211,212,156,45,201,825
2023/4/25,201,230,129,43,172,775
2023/4/26,244,181,145,35,180,785
2023/4/27,373,370,236,66,302,1347
2023/4/28,379,396,292,72,364,1503
2023/4/29,22,498,483,111,594,1708
2023/4/30,158,508,457,92,549,1764
2023/5/1,275,520,483,88,571,1937
2023/5/2,695,484,512,102,614,2407
2023/5/3,473,423,380,73,453,1802
2023/5/4,102,236,165,47,212,762
2023/5/5,20,252,173,33,206,684
2023/5/6,105,312,191,46,237,891
2023/5/7,28,394,309,68,377,1176
2023/5/8,210,201,148,31,179,769
2023/5/9,284,217,133,40,173,847
2023/5/10,73,250,143,38,181,685
2023/5/11,310,243,164,31,195,943
2023/5/12,107,261,203,44,247,862
2023/5/13,320,400,358,76,434,1588
2023/5/14,351,373,320,63,383,1490
2023/5/15,205,214,158,44,202,823
2023/5/16,193,214,147,33,180,767
2023/5/17,180,222,152,34,186,774
2023/5/18,68,278,171,31,202,750
2023/5/19,0,246,201,45,246,738
2023/5/20,229,384,369,69,438,1489
2023/5/21,235,164,258,69,327,1053
2023/5/22,184,232,133,40,173,762
2023/5/23,96,224,135,33,168,656
2023/5/24,125,225,135,35,170,690
2023/5/25,133,262,136,40,176,747
2023/5/26,125,286,225,36,261,933
2023/5/27,29,418,340,63,403,1253
2023/5/28,106,405,361,48,409,1329
2023/5/29,134,237,160,37,197,765
2023/5/30,130,249,66,32,98,575
2023/5/31,240,223,161,45,206,875
2023/6/1,164,257,210,49,259,939
2023/6/2,347,282,194,45,239,1107
2023/6/3,0,456,224,62,286,1028
2023/6/4,0,396,213,53,266,928
2023/6/5,253,281,132,57,189,912
2023/6/6,298,412,241,48,289,1288
2023/6/7,87,307,216,58,274,942
2023/6/8,137,288,184,49,233,891
2023/6/9,366,291,226,51,277,1211
2023/6/10,22,422,334,72,406,1256
2023/6/11,69,375,298,71,369,1182
2023/6/12,51,221,156,41,197,666
2023/6/13,226,245,172,33,205,881
2023/6/14,216,252,162,40,202,872
2023/6/15,198,257,107,44,151,757
2023/6/16,181,266,97,42,139,725
2023/6/17,241,389,329,59,388,1406
2023/6/18,87,370,327,60,387,1231
2023/6/19,249,241,194,45,239,968
2023/6/20,352,310,199,48,247,1156
2023/6/21,314,307,249,35,284,1189
2023/6/22,39,470,384,66,450,1409
2023/6/23,163,464,389,69,458,1543
2023/6/24,75,445,372,53,425,1370
2023/6/25,252,294,246,42,288,1122
2023/6/26,190,358,270,43,313,1174
2023/6/27,210,1432,1933,332,2265,6172
2023/6/28,326,692,699,148,847,2712
2023/6/29,392,558,561,85,646,2242
2023/6/30,18,602,573,120,693,2006
2023/7/1,9,698,655,125,780,2267
2023/7/2,134,423,572,109,681,1919
2023/7/3,496,218,436,79,515,1744
2023/7/4,134,514,463,88,551,1750
2023/7/5,278,470,457,100,557,1862
2023/7/6,28,473,502,98,600,1701
2023/7/7,162,554,520,80,600,1916
2023/7/8,158,553,497,129,626,1963
2023/7/9,34,606,546,104,650,1940
2023/7/10,279,561,487,81,568,1976
2023/7/11,932,583,467,97,564,2643
2023/7/12,1087,607,491,96,587,2868
2023/7/13,64,869,616,134,750,2433
2023/7/14,944,1270,638,206,844,3902
2023/7/15,1384,1956,851,261,1112,5564
2023/7/16,947,2243,802,256,1058,5306
2023/7/17,1200,938,628,145,773,3684
2023/7/18,1318,835,670,163,833,3819
2023/7/19,1318,808,666,123,789,3704
2023/7/20,1351,726,765,158,923,3923
2023/7/21,1181,1870,1762,468,2230,7511
2023/7/22,1704,2046,2159,439,2598,8946
2023/7/23,999,1881,1155,248,1403,5686
2023/7/24,2059,1613,981,233,1214,6100
2023/7/25,1552,1367,1147,305,1452,5823
2023/7/26,1119,1552,1099,245,1344,5359
2023/7/27,1209,968,1338,459,1797,5771
2023/7/28,943,3659,2389,790,3179,10960
2023/7/29,16,3319,8445,2582,11027,25389
2023/7/30,33,4617,4777,1377,6154,16958
2023/7/31,31,3262,4363,745,5108,13509
2023/8/1,63,3392,7257,682,7939,19333
2023/8/2,10,1135,4054,239,4293,9731
2023/8/3,1880,3270,3917,435,4352,13854
2023/8/4,446,2780,3458,294,3752,10730
2023/8/5,1992,2637,3038,184,3222,11073
2023/8/6,1800,2279,4264,329,4593,13265
2023/8/7,2000,3994,3771,415,4186,14366
2023/8/8,1166,2417,3591,341,3932,11447
2023/8/9,968,4283,6418,624,7042,19335
2023/8/10,0,2331,12370,952,13322,28975
2023/8/11,138,3780,9337,1186,10523,24964
2023/8/12,509,1122,8486,1037,9523,20677
2023/8/13,1845,5147,7186,509,7695,22382
2023/8/14,0,4493,9738,905,10643,25779
2023/8/15,336,3640,16857,1236,18093,40162
2023/8/16,1199,2257,16781,1429,18210,39876
2023/8/17,167,907,11577,809,12386,25846
2023/8/18,45,1998,6477,362,6839,15721
2023/8/19,19,718,4103,270,4373,9483
2023/8/20,207,2436,3169,344,3513,9669
2023/8/21,1266,1548,2412,276,2688,8190
2023/8/22,470,2746,1986,207,2193,7602
2023/8/23,1526,2668,1851,146,1997,8188
2023/8/24,1166,2296,1670,144,1814,7090
2023/8/25,383,1785,1450,101,1551,5270
2023/8/26,0,1679,1484,166,1650,4979
2023/8/27,0,1476,1182,132,1314,4104
2023/8/28,1348,1199,1035,115,1150,4847
2023/8/29,1232,1165,1164,90,1254,4905
2023/8/30,1027,1047,1013,51,1064,4202
2023/8/31,890,1549,868,130,998,4435
2023/9/1,968,957,583,103,686,3297
2023/9/2,1368,1123,865,128,993,4477
2023/9/3,1026,869,643,83,726,3347
2023/9/4,615,592,175,81,256,1719
2023/9/5,675,565,299,55,354,1948
2023/9/6,690,550,347,51,398,2036
2023/9/7,696,516,281,65,346,1904
2023/9/8,99,618,377,92,469,1655
2023/9/9,713,792,680,102,782,3069
2023/9/10,659,805,596,95,691,2846
2023/9/11,535,427,249,49,298,1558
2023/9/12,102,433,284,55,339,1213
2023/9/13,551,463,292,62,354,1722
2023/9/14,580,417,262,49,311,1619
2023/9/15,525,502,372,70,442,1911
2023/9/16,474,694,586,79,665,2498
2023/9/17,886,597,524,64,588,2659
2023/9/18,459,375,238,40,278,1390
2023/9/19,478,393,54,63,117,1105
2023/9/20,865,1202,1315,281,1596,5259
2023/9/21,695,636,490,96,586,2503
2023/9/22,823,682,597,145,742,2989
2023/9/23,156,847,1132,186,1318,3639
2023/9/24,844,626,474,99,573,2616
2023/9/25,481,395,230,62,292,1460
2023/9/26,458,356,222,53,275,1364
2023/9/27,417,390,232,58,290,1387
2023/9/28,547,407,309,42,351,1656
2023/9/29,1042,615,618,105,723,3103
2023/9/30,1164,740,557,110,667,3238
2023/10/1,1043,778,628,89,717,3255
2023/10/2,993,730,580,106,686,3095
2023/10/3,1150,698,649,96,745,3338
2023/10/4,1150,804,658,87,745,3444
2023/10/5,1047,666,510,75,585,2883
2023/10/6,759,469,387,70,457,2142
2023/10/7,394,336,198,48,246,1222
2023/10/8,398,340,162,51,213,1164
2023/10/9,334,305,164,40,204,1047
2023/10/10,323,300,176,47,223,1069
2023/10/11,338,292,152,39,191,1012
2023/10/12,372,310,210,62,272,1226
2023/10/13,470,350,206,55,261,1342
2023/10/14,827,537,368,81,449,2262
2023/10/15,696,472,337,57,394,1956
2023/10/16,360,298,172,60,232,1122
2023/10/17,363,310,158,47,205,1083
2023/10/18,331,321,203,44,247,1146
2023/10/19,425,367,196,52,248,1288
2023/10/20,458,375,202,44,246,1325
2023/10/21,744,477,382,59,441,2103
2023/10/22,624,437,319,58,377,1815
2023/10/23,315,266,139,54,193,967
2023/10/24,348,273,143,58,201,1023
2023/10/25,365,271,159,36,195,1026
2023/10/26,345,328,210,50,260,1193
2023/10/27,479,338,244,69,313,1443
2023/10/28,767,497,423,71,494,2252
2023/10/29,487,455,349,55,404,1750
2023/10/30,1114,1701,308,54,362,3539
2023/10/31,1067,1382,326,2,328,3105
2023/11/1,414,471,211,3,214,1313
2023/11/2,544,431,181,3,184,1343
2023/11/3,592,487,274,3,277,1633
2023/11/4,937,642,444,5,449,2477
2023/11/5,724,532,359,4,363,1982
2023/11/6,403,372,194,2,196,1167
2023/11/7,427,339,205,2,207,1180
2023/11/8,382,338,171,3,174,1068
2023/11/9,424,283,201,1,202,1111
2023/11/10,487,302,200,4,204,1197
2023/11/11,776,502,364,0,364,2006
2023/11/12,625,443,303,2,305,1678
2023/11/13,329,249,156,1,157,892
2023/11/14,305,305,133,1,134,878
2023/11/15,313,261,155,1,156,886
2023/11/16,336,286,138,4,142,906
2023/11/17,445,330,237,0,237,1249
2023/11/18,742,440,352,3,355,1892
2023/11/19,567,465,342,5,347,1726
2023/11/20,347,278,163,0,163,951
2023/11/21,318,269,174,1,175,937
2023/11/22,361,273,156,2,158,950
2023/11/23,387,360,170,2,172,1091
2023/11/24,476,351,178,6,184,1195
2023/11/25,809,447,389,3,392,2040
2023/11/26,630,420,342,4,346,1742
2023/11/27,356,245,148,3,151,903
2023/11/28,308,270,144,2,146,870
2023/11/29,361,269,195,1,196,1022
2023/11/30,427,356,244,0,244,1271
2023/12/1,496,338,219,76,295,1424
2023/12/2,780,488,362,71,433,2134
2023/12/3,609,441,357,72,429,1908
2023/12/4,327,235,139,45,184,930
2023/12/5,288,282,168,48,216,1002
2023/12/6,296,272,188,48,236,1040
2023/12/7,398,299,196,59,255,1207
2023/12/8,409,362,218,68,286,1343
2023/12/9,753,439,332,71,403,1998
2023/12/10,623,408,327,80,407,1845
2023/12/11,353,262,166,62,228,1071
2023/12/12,398,273,184,62,246,1163
2023/12/13,379,310,191,38,229,1147
2023/12/14,431,272,223,57,280,1263
2023/12/15,539,389,244,48,292,1512
2023/12/16,788,466,342,38,380,2014
2023/12/17,648,419,351,35,386,1839
2023/12/18,365,275,173,18,191,1022
2023/12/19,406,272,144,21,165,1008
2023/12/20,388,274,160,27,187,1036
2023/12/21,382,275,202,18,220,1097
2023/12/22,477,269,200,27,227,1200
2023/12/23,758,404,354,35,389,1940
2023/12/24,635,339,311,28,339,1652
2023/12/25,322,233,165,16,181,917
2023/12/26,364,256,179,30,209,1038
2023/12/27,387,257,183,38,221,1086
2023/12/28,429,270,195,53,248,1195
2023/12/29,491,321,224,54,278,1368
2023/12/30,847,426,381,59,440,2153
2023/12/31,819,452,427,58,485,2241
2024/1/1,638,410,348,50,398,1844
2024/1/2,347,223,168,33,201,972
2024/1/3,412,278,228,42,270,1230
2024/1/4,1404,1156,2288,247,2535,7630
2024/1/5,1210,823,1414,188,1602,5237
2024/1/6,1399,872,1204,185,1389,5049
2024/1/7,956,662,619,132,751,3120
2024/1/8,515,381,281,69,350,1596
2024/1/9,519,362,271,56,327,1535
2024/1/10,585,385,295,69,364,1698
2024/1/11,621,407,345,58,403,1834
2024/1/12,683,461,423,85,508,2160
2024/1/13,923,602,569,101,670,2865
2024/1/14,863,493,467,79,546,2448
2024/1/15,508,323,265,49,314,1459
2024/1/16,535,347,286,67,353,1588
2024/1/17,580,381,199,59,258,1477
2024/1/18,1365,1081,600,294,894,4234
2024/1/19,908,604,329,134,463,2438
2024/1/20,980,570,396,106,502,2554
2024/1/21,796,561,373,115,488,2333
2024/1/22,782,775,482,111,593,2743
2024/1/23,735,606,470,88,558,2457
2024/1/24,800,571,435,86,521,2413
2024/1/25,1027,753,488,152,640,3060
2024/1/26,956,639,339,106,445,2485
2024/1/27,1003,596,379,95,474,2547
2024/1/28,886,603,446,102,548,2585
2024/1/29,1003,576,411,90,501,2581
2024/1/30,1120,718,458,123,581,3000
2024/1/31,1369,899,606,174,780,3828
2024/2/1,1512,1031,637,164,801,4145
2024/2/2,1673,1310,581,287,868,4719
2024/2/3,1419,940,654,167,821,4001
2024/2/4,1322,887,615,153,768,3745
2024/2/5,1191,783,563,122,685,3344
2024/2/6,1566,1041,789,214,1003,4613
2024/2/7,1332,976,635,154,789,3886
2024/2/8,1234,801,733,108,841,3717
2024/2/9,1186,733,496,131,627,3173
2024/2/10,1127,617,463,110,573,2890
2024/2/11,1058,609,443,91,534,2735
2024/2/12,1163,586,497,91,588,2925
2024/2/13,1134,655,547,123,670,3129
2024/2/14,1171,673,461,93,554,2952
2024/2/15,1151,672,466,95,561,2945
2024/2/16,1028,634,427,120,547,2756
2024/2/17,1077,665,490,111,601,2944
2024/2/18,1080,610,478,95,573,2836
2024/2/19,1035,585,476,109,585,2790
2024/2/20,989,612,391,88,479,2559
2024/2/21,1073,645,466,127,593,2904
2024/2/22,1034,550,428,104,532,2648
2024/2/23,1005,618,429,92,521,2665
2024/2/24,929,530,362,88,450,2359
2024/2/25,627,343,239,72,311,1592
2024/2/26,380,240,169,47,216,1052
2024/2/27,361,253,133,44,177,968
2024/2/28,336,250,145,34,179,944
2024/2/29,350,261,123,54,177,965
2024/3/1,404,268,150,50,200,1072
2024/3/2,666,426,303,53,356,1804
2024/3/3,644,353,253,57,310,1617
2024/3/4,346,208,114,41,155,864
2024/3/5,345,234,119,43,162,903
2024/3/6,362,244,128,42,170,946
2024/3/7,353,247,107,51,158,916
2024/3/8,429,299,144,64,208,1144
2024/3/9,836,483,304,79,383,2085
2024/3/10,645,417,234,55,289,1640
2024/3/11,344,224,121,42,163,894
2024/3/12,327,243,126,40,166,902
2024/3/13,380,256,103,52,155,946
2024/3/14,356,256,102,48,150,912
2024/3/15,461,278,157,41,198,1135
2024/3/16,755,405,288,73,361,1882
2024/3/17,680,360,215,71,286,1612
2024/3/18,340,236,111,43,154,884
2024/3/19,357,229,108,40,148,882
2024/3/20,332,236,120,48,168,904
2024/3/21,333,215,127,40,167,882
2024/3/22,497,371,158,76,234,1336
2024/3/23,884,539,301,91,392,2207
2024/3/24,806,547,264,105,369,2091
2024/3/25,460,361,145,48,193,1207
2024/3/26,452,313,133,54,187,1139
2024/3/27,465,284,150,59,209,1167
2024/3/28,1066,1394,2055,236,2291,7042
2024/3/29,801,892,949,144,1093,3879
2024/3/30,1011,793,706,111,817,3438
2024/3/31,693,570,439,75,514,2291
2024/4/1,392,290,147,52,199,1080
2024/4/2,350,290,151,62,213,1066
2024/4/3,488,364,258,77,335,1522
2024/4/4,893,577,464,109,573,2616
2024/4/5,894,540,382,95,477,2388
2024/4/6,780,449,301,62,363,1955
2024/4/7,377,257,146,53,199,1032
2024/4/8,367,214,98,49,147,875
2024/4/9,355,252,104,46,150,907
2024/4/10,334,251,133,48,181,947
2024/4/11,459,364,167,73,240,1303
2024/4/12,503,352,152,70,222,1299
2024/4/13,823,467,309,110,419,2128
2024/4/14,672,432,278,79,357,1818
2024/4/15,358,290,155,48,203,1054
2024/4/16,368,310,143,44,187,1052
2024/4/17,390,287,147,65,212,1101
2024/4/18,392,283,131,45,176,1027
2024/4/19,472,344,164,68,232,1280
2024/4/20,791,477,312,87,399,2066
2024/4/21,630,414,292,86,378,1800
2024/4/22,365,249,131,59,190,994
2024/4/23,344,233,114,44,158,893
2024/4/24,342,263,106,59,165,935
2024/4/25,368,292,135,63,198,1056
2024/4/26,401,276,140,56,196,1069
2024/4/27,644,359,238,71,309,1621
2024/4/28,314,253,124,50,174,915
2024/4/29,292,233,119,69,188,901
2024/4/30,413,272,145,49,194,1073
2024/5/1,686,378,290,58,348,1760
2024/5/2,775,446,335,82,417,2055
2024/5/3,932,520,361,92,453,2358
2024/5/4,961,525,356,66,422,2330
2024/5/5,695,384,283,71,354,1787
2024/5/6,259,232,119,40,159,809
2024/5/7,297,232,122,46,168,865
2024/5/8,305,230,119,37,156,847
2024/5/9,306,252,119,45,164,886
2024/5/10,367,236,134,31,165,933
2024/5/11,453,269,163,51,214,1150
2024/5/12,669,372,269,75,344,1729
2024/5/13,356,219,122,47,169,913
2024/5/14,381,281,117,40,157,976
2024/5/15,322,238,114,40,154,868
2024/5/16,384,274,127,54,181,1020
2024/5/17,414,298,168,52,220,1152
2024/5/18,765,483,353,80,433,2114
2024/5/19,708,434,301,81,382,1906
2024/5/20,311,244,131,45,176,907
2024/5/21,326,266,141,45,186,964
2024/5/22,361,256,115,44,159,935
2024/5/23,400,355,142,62,204,1163
2024/5/24,375,294,138,52,190,1049
2024/5/25,681,414,251,50,301,1697
2024/5/26,708,435,231,57,288,1719
2024/5/27,375,229,116,33,149,902
2024/5/28,361,255,135,44,179,974
2024/5/29,346,267,121,35,156,925
2024/5/30,397,285,138,49,187,1056
2024/5/31,459,324,208,56,264,1311
2024/6/1,744,435,322,76,398,1975
2024/6/2,634,389,268,77,345,1713
2024/6/3,258,199,109,31,140,737
2024/6/4,0,251,129,40,169,589
2024/6/5,308,251,129,38,167,893
2024/6/6,462,313,177,50,227,1229
2024/6/7,565,350,206,52,258,1431
2024/6/8,836,512,308,55,363,2074
2024/6/9,887,538,361,74,435,2295
2024/6/10,726,472,272,75,347,1892
2024/6/11,416,270,122,50,172,1030
2024/6/12,400,302,117,53,170,1042
2024/6/13,370,258,114,26,140,908
2024/6/14,402,302,152,55,207,1118
2024/6/15,734,402,304,65,369,1874
2024/6/16,671,426,257,59,316,1729
2024/6/17,400,317,162,59,221,1159
2024/6/18,513,350,159,51,210,1283
2024/6/19,483,342,190,70,260,1345
2024/6/20,463,306,176,59,235,1239
2024/6/21,590,373,213,65,278,1519
2024/6/22,820,454,316,63,379,2032
2024/6/23,727,449,289,76,365,1906
2024/6/24,450,319,164,59,223,1215
2024/6/25,514,296,176,49,225,1260
2024/6/26,548,371,204,44,248,1415
2024/6/27,2305,2101,3332,318,3650,11706
2024/6/28,1663,1377,1584,218,1802,6644
2024/6/29,1635,1114,1064,180,1244,5237
2024/6/30,1188,835,675,175,850,3723
2024/7/1,843,670,415,115,530,2573
2024/7/2,976,704,454,115,569,2818
2024/7/3,984,688,420,140,560,2792
2024/7/4,1168,745,721,146,867,3647
2024/7/5,1173,788,536,130,666,3293
2024/7/6,1176,758,443,123,566,3066
2024/7/7,1013,709,461,131,592,2906
2024/7/8,984,631,436,100,536,2687
2024/7/9,982,653,499,84,583,2801
2024/7/10,979,670,470,99,569,2787
2024/7/11,1126,717,887,91,978,3799
2024/7/12,1061,646,547,80,627,2961
2024/7/13,1089,681,516,100,616,3002
2024/7/14,1026,678,494,117,611,2926
2024/7/15,997,730,468,110,578,2883
2024/7/16,1081,723,438,99,537,2878
2024/7/17,1101,694,431,80,511,2817
2024/7/18,1500,1052,1027,144,1171,4894
2024/7/19,979,662,523,94,617,2875
2024/7/20,1045,719,473,78,551,2866
2024/7/21,1028,638,406,86,492,2650
2024/7/22,949,605,390,92,482,2518
2024/7/23,918,623,344,83,427,2395
2024/7/24,986,662,362,79,441,2530
2024/7/25,1085,672,524,76,600,2957
2024/7/26,983,675,394,57,451,2560
2024/7/27,1071,653,463,92,555,2834
2024/7/28,1065,735,409,110,519,2838
2024/7/29,1003,637,370,82,452,2544
2024/7/30,1045,687,388,79,467,2666
2024/7/31,1030,634,394,104,498,2660
2024/8/1,970,665,412,109,521,2677
2024/8/2,1020,645,414,97,511,2687
2024/8/3,1014,648,387,74,461,2584
2024/8/4,902,599,363,67,430,2361
2024/8/5,901,586,364,85,449,2385
2024/8/6,1030,644,365,74,439,2552
2024/8/7,967,653,404,78,482,2584
2024/8/8,1002,730,403,88,491,2714
2024/8/9,1056,634,418,85,503,2696
2024/8/10,991,605,407,95,502,2600
2024/8/11,984,704,347,88,435,2558
2024/8/12,1152,792,437,124,561,3066
2024/8/13,1600,1038,604,144,748,4134
2024/8/14,1432,814,527,102,629,3504
2024/8/15,1370,841,468,108,576,3363
2024/8/16,1349,728,458,119,577,3231
2024/8/17,1312,714,455,81,536,3098
2024/8/18,1194,788,413,68,481,2944
2024/8/19,1080,594,371,76,447,2568
2024/8/20,1127,673,397,72,469,2738
2024/8/21,1221,762,430,111,541,3065
2024/8/22,1232,725,496,100,596,3149
2024/8/23,1233,721,437,98,535,3024
2024/8/24,1118,658,349,75,424,2624
2024/8/25,1076,613,387,89,476,2641
2024/8/26,952,550,344,77,421,2344
2024/8/27,897,538,318,88,406,2247
2024/8/28,863,572,328,74,402,2239
2024/8/29,927,533,362,76,438,2336
2024/8/30,837,523,303,58,361,2082
2024/8/31,719,473,263,58,321,1834
2024/9/1,475,344,209,46,255,1329
2024/9/2,324,250,113,33,146,866
2024/9/3,343,236,93,34,127,833
2024/9/4,316,251,123,40,163,893
2024/9/5,344,274,117,42,159,936
2024/9/6,372,252,138,42,180,984
2024/9/7,573,369,215,46,261,1464
2024/9/8,459,293,174,35,209,1170
2024/9/9,275,210,58,20,78,641
2024/9/10,252,180,68,23,91,614
2024/9/11,240,175,76,30,106,627
2024/9/12,220,188,95,24,119,646
2024/9/13,241,184,79,29,108,641
2024/9/14,328,210,107,30,137,812
2024/9/15,545,310,288,47,335,1525
2024/9/16,611,360,233,41,274,1519
2024/9/17,503,341,212,31,243,1330
2024/9/18,242,193,79,29,108,651
2024/9/19,226,183,65,18,83,575
2024/9/20,251,184,114,34,148,731
2024/9/21,498,316,202,39,241,1296
2024/9/22,450,285,162,41,203,1141
2024/9/23,220,141,84,30,114,589
2024/9/24,189,158,83,27,110,567
2024/9/25,769,1107,1227,168,1395,4666
2024/9/26,402,504,410,73,483,1872
2024/9/27,526,702,657,73,730,2688
2024/9/28,628,595,595,72,667,2557
2024/9/29,341,379,213,50,263,1246
2024/9/30,385,505,363,63,426,1742
2024/10/1,594,586,405,87,492,2164
2024/10/2,604,506,390,61,451,2012
2024/10/3,621,466,349,67,416,1919
2024/10/4,679,490,320,74,394,1957
2024/10/5,679,482,360,57,417,1995
2024/10/6,628,447,336,70,406,1887
2024/10/7,420,315,196,43,239,1213
2024/10/8,224,198,92,32,124,670
2024/10/9,227,206,73,30,103,639
2024/10/10,257,189,97,34,131,708
2024/10/11,257,207,95,43,138,740
2024/10/12,306,264,112,52,164,898
2024/10/13,453,361,230,65,295,1404
2024/10/14,253,223,96,36,132,740
2024/10/15,242,193,105,49,154,743
2024/10/16,267,194,95,29,124,709
2024/10/17,306,267,149,69,218,1009
2024/10/18,347,294,152,55,207,1055
2024/10/19,581,379,251,57,308,1576
2024/10/20,532,360,236,69,305,1502
2024/10/21,302,213,114,25,139,793
2024/10/22,258,225,112,38,150,783
2024/10/23,254,218,92,47,139,750
2024/10/24,313,210,116,43,159,841
2024/10/25,316,209,124,38,162,849
2024/10/26,528,424,263,51,314,1580
2024/10/27,430,323,216,49,265,1283
2024/10/28,244,222,112,31,143,752
2024/10/29,227,181,103,32,135,678
2024/10/30,252,208,94,35,129,718
2024/10/31,274,219,126,43,169,831
2024/11/1,311,249,132,41,173,906
2024/11/2,503,361,183,61,244,1352
2024/11/3,427,287,190,53,243,1200
2024/11/4,231,198,68,35,103,635
2024/11/5,252,182,99,32,131,696
2024/11/6,261,184,79,39,118,681
2024/11/7,271,226,114,37,151,799
2024/11/8,300,224,102,32,134,792
2024/11/9,530,364,237,52,289,1472
2024/11/10,469,286,180,44,224,1203
2024/11/11,233,196,88,29,117,663
2024/11/12,243,229,81,35,116,704
2024/11/13,241,201,93,33,126,694
2024/11/14,240,221,107,38,145,751
2024/11/15,340,309,144,44,188,1025
2024/11/16,571,340,252,69,321,1553
2024/11/17,483,326,197,58,255,1319
2024/11/18,220,190,87,48,135,680
2024/11/19,251,214,89,48,137,739
2024/11/20,252,228,79,43,122,724
2024/11/21,259,214,74,44,118,709
2024/11/22,308,223,122,49,171,873
2024/11/23,536,332,214,66,280,1428
2024/11/24,458,328,212,66,278,1342
2024/11/25,243,225,86,35,121,710
2024/11/26,269,239,104,45,149,806
2024/11/27,273,234,87,53,140,787
2024/11/28,284,221,92,36,128,761
2024/11/29,325,229,129,52,181,916
2024/11/30,483,379,203,57,260,1382
2024/12/1,443,302,168,63,231,1207
2024/12/2,260,186,92,43,135,716
2024/12/3,238,205,98,46,144,731
2024/12/4,245,232,74,40,114,705
2024/12/5,239,209,86,38,124,696
2024/12/6,283,241,121,43,164,852
2024/12/7,530,324,198,57,255,1364
2024/12/8,419,313,179,74,253,1238
2024/12/9,220,193,79,42,121,655
2024/12/10,255,193,91,34,125,698
2024/12/11,272,193,104,29,133,731
2024/12/12,291,211,87,34,121,744
2024/12/13,288,231,91,37,128,775
2024/12/14,475,310,204,61,265,1315
2024/12/15,403,311,183,67,250,1214
2024/12/16,238,206,85,34,119,682
2024/12/17,256,202,92,46,138,734
2024/12/18,263,189,86,40,126,704
2024/12/19,269,235,80,53,133,770
2024/12/20,283,248,110,52,162,855
2024/12/21,485,325,195,78,273,1356
2024/12/22,437,312,173,59,232,1213
2024/12/23,237,211,83,41,124,696
2024/12/24,249,204,82,52,134,721
2024/12/25,995,1165,1177,209,1386,4932
2024/12/26,664,741,466,121,587,2579
2024/12/27,868,1001,665,188,853,3575
2024/12/28,1267,1097,718,205,923,4210
2024/12/29,944,872,437,136,573,2962
2024/12/30,467,464,179,97,276,1483
2024/12/31,419,395,223,70,293,1400
